0 45.6490968419 365.866058592
1 -295.246400343 -236.240435468
2 -170.91623197 -313.992044093
3 -258.729890439 293.923698277
4 -229.989647858 371.643477523
5 -19.3414750977 153.369815721
6 167.503966972 4.26647112288
7 235.238916058 -48.4712031171
8 221.117248212 399.076455409
9 77.9471170521 -174.723611153
10 335.535726653 -317.116806757
11 -425.597764492 149.229665353
12 47.1087261636 -20.9242190714
13 84.8994736777 -288.919595941
14 -460.573172755 172.736331264
15 427.915855348 -39.4786801799
16 -43.1461707641 -163.765884764
17 -171.288498705 -326.806184987
18 332.587587466 257.920274156
19 -96.2487007271 -143.578189984
20 468.991206729 152.227297699
21 -27.6432989784 6.4394198997
22 -285.694408273 -119.563930455
23 237.323510634 -436.609745035
24 4.2334209012 -460.752470972
25 118.493632967 153.588644227
26 -91.0742349714 174.063814293
27 -205.389844498 135.111733396
28 -200.833621493 -124.244069577
29 430.388914804 137.137807075
30 -49.7622931872 211.824755823
31 372.86458503 329.143703721
32 20.317430866 -203.473214562
33 -90.4482511628 189.772136777
34 -11.189518381 232.399788531
35 211.212357651 -409.549839279
36 211.060837856 -121.349180735
37 94.3992267887 -165.918556111
38 270.167362194 -250.652012676
39 160.218431251 411.19340761
40 -29.3809257738 -411.433366
41 304.063328284 112.33567549
42 77.9929650653 219.279013253
43 55.2310539679 171.688001401
44 473.868969531 144.817128693
45 -147.524279121 -15.6990137524
46 -356.574630315 198.700819158
47 -74.0760897155 -325.980911019
48 205.884303151 -166.332543122
49 63.029521645 -320.326115084
50 -147.187200581 230.979815776
